3009
2919
7201
5937
519
334
2179
1566
7597
1514
1875
2394
4318
8106
1674
465
4661
9134
2918
741
2079
7932
7509
6943
4595
5429
7013
8947
319
3655
3064
3351
8564
3300
4109
741
8965
435
1869
6990
5915
6053
1508
1506
1549
3099
3169
9118
3758
791
6895
4869
344
9664
2884
9746
1496
4377
1242
2940
3049
9572
8444
7611
8598
7795
7716
6634
7194
7103
6867
9326
6250
6909
3392
7942
1174
3342
3316
3076
2699
7333
7429
6299
1308
542
4610
7032
2019
4462
9902
7350
2146
1222
5969
1869
2111
7595
5404
3051
8944
4555
5483
5669
5506
1560
2207
3087
8929
5353
3517
171
6179
1794
3617
4863
5365
2048
9831
7258
9611
9690
4699
8648
8081
4309
2255
4468
568
4806
749
1293
1262
2605
9230
9676
4748
2240
2219
1269
8326
5717
8370
6492
4126
6421
7979
570
6218
9565
4426
8208
5720
7751
7992
7947
175
4601
2654
2009
1287
9051
4145
1771
1740
3902
1124
4955
7503
4860
3882
3151
8958
2155
3980
1919
7861
9910
7082
5300
8116
3005
1317
385
418
2780
28
6535
5523
3466
4021
2115
2359
8098
9407
603
8515
8391
149
7209
5923
4548
8934
7878
960
2449
7954
7355
8398
173
8152
1108
5850
648
1086
3622
3474
6432
5104
339
7301
2336
1949
8971
493
4467
1630
5781
1338
9919
5097
2095
4625
1183
5301
930
7780
1681
3870
6425
3684
8802
763
7459
3060
3607
4126
3239
7120
8509
3708
2696
9229
1011
3534
9481
2099
9894
7639
9938
9433
6861
2423
4596
688
2791
7727
7962
3410
1602
9574
7616
5820
2141
2380
152
8394
3056
6797
5579
2210
794
3144
6045
5572
2123
1840
4340
4976
2564
2770
3114
872
5963
2856
5185
4280
4915
1614
6502
2387
188
1652
6601
6608
5750
51
700
3813
5772
6963
8010
2066
9823
8603
5771
6673
2832
1435
8037
7692
9875
5783
5524
9808
6800
1396
893
9105
4011
1945
4255
5327
7622
9886
1148
7543
6102
8711
2487
124
6899
8455
4461
6935
7508
399
1897
7885
6971
1158
547
1904
2908
557
3721
2633
9012
9011
7009
1956
1287
8823
3565
620
3082
1100
1744
1513
7187
1186
3536
7607
3342
6610
1580
3993
6049
1194
1856
3406
2898
3050
1175
1731
264
3326
7200
4585
607
2637
7076
7624
4399
241
1415
8276
4111
3624
2669
3871
1142
4346
4815
3695
8675
1036
9806
4577
1326
1541
9415
750
7343
655
4712
3757
1453
5440
98
4218
9657
3482
5663
2294
4684
2079
4966
5006
3853
6217
1996
4128
392
4024
862
5291
1004
1773
3372
2486
5668
4344
9592
2437
4328
6253
1439
3191
7972
604
3959
627
9834
4257
6666
9076
996
1497
481
4675
5516
1910
8821
8724
2735
100
7458
915
4031
3133
4766
2913
6153
7626
8200
7065
9015
6396
6500
7704
7766
410
2198
7917
4874
3643
1164
8012
3104
4614
4401
6153
677
776
4959
6564
9029
342
1190
1328
7062
6468
266
3512
774
4533
9537
9316
3858
3603
2222
9128
7994
1570
5639
4574
4113
9056
5102
1606
2761
7135
574
8858
5438
7783
1555
5175
5505
7638
4351
1673
2232
8025
1643
6102
2276
559
7003
8877
9683
9131
7493
8992
5031
3147
2515
4096
5255
2184
7143
6521
8165
7117
7487
1054
7040
474
8009
4549
3146
9995
3880
2102
8973
6629
4455
2192
7081
1857
1405
1517
4609
5741
4994
5751
4471
2094
8466
3291
7765
7914
6976
3581
6734
7734
5500
3244
5555
9595
4744
1607
2154
7774
8583
544
621
4304
823
1920
831
1395
5424
6315
5124
7695
5661
4789
8353
2179
1003
2277
7777
8176
8080
3306
5098
50
5150
316
1120
7392
3208
2964
9176
1991
7444
9309
5039
4578
50
8956
1148
2797
7452
127
548
5225
8686
5651
7933
594
5047
1720
3189
864
2192
3144
6339
251
4381
6630
6701
4850
5874
3860
76
7710
4088
184
8461
2482
9073
7295
2106
4806
4984
8658
3033
69
9819
344
915
6883
2925
2828
3031
2611
7608
240
8287
1335
3008
931
6404
7225
6238
4767
4398
6186
6779
6566
9950
3482
4779
6158
6992
2983
156
2618
7563
5465
303
5036
6987
5709
1606
5655
6401
8785
5343
3130
6920
2496
8256
6970
8859
205
6051
3086
9206
5493
1188
9633
1403
8384
5081
4467
6
6313
2513
1569
1954
622
5168
55
2285
1322
5466
8035
7993
9025
2973
5580
2965
6972
1989
9043
1068
6518
3626
7608
2476
1589
7628
1104
4778
2893
4450
5301
8403
6130
1775
79
9622
3484
470
962
2161
8624
752
5576
2569
1709
9100
9984
6366
1427
6246
295
94
395
2762
6822
4168
5555
3819
8779
3172
2521
5615
3133
4817
6122
9533
1563
6815
9035
3291
1940
1183
4872
3889
5500
3256
1179
7809
1197
3515
2111
7707
8876
8600
6501
1052
1678
3458
823
2119
3771
4209
8747
9560
434
3863
5099
2020
4445
2614
5459
8964
2406
7599
2442
5940
41
3245
516
2519
1004
20
391
2157
1789
4852
6540
7112
4523
3203
8713
2299
2199
9418
9021
1060
1068
4909
6987
5644
1533
6161
2443
9388
398
4410
8829
5378
4742
8562
2608
9364
8116
7937
2754
1092
3807
4409
952
7813
4626
1009
128
1533
1800
2085
7829
8683
5827
8235
3603
8683
2340
7737
8412
1944
6422
8294
3883
2546
1228
830
8006
1040
5405
1306
809
7879
3020
3967
8913
3819
957
8165
9398
6102
2548
3867
2860
6487
2432
3338
9115
9596
761
4919
3294
5043
678
7916
5338
7965
1666
1737
4304
8500
5439
7847
1284
7759
827
286
1102
9588
9411
5176
4897
5229
3269
7557
6074
2318
5530
1696
43
8709
5700
881
5753
883
1988
8389
3283
4026
3232
1339
5060
3720
7715
7265
3259
8915
6405
7422
1400
9525
2812
1760
5658
10
6099
4938
5399
2280
2234
1238
8027
991
2142
1633
5957
2688
7178
4039
2926
6066
254
9756
5339
2467
1424
8478
6469
1404
544
3335
727
2905
913
9623
8600
1719
948
1697
3034
6270
1046
9109
2594
7121
5614
8782
41
4707
8928
5644
7362
5757
997
2709
8941
8766
7150
6855
7467
2690
6279
514
8739
8949
7625
1380
7461
3498
1042
6356
7149
5207
7400
8899
8394
1348
4956
4000
5647
9444
7916
5963
9273
7714
3644
3212
1170
7664
7942
4213
694
2108
2719
5349
1060
3444
2092
1630
6631
5899
2916
4730
4646
8268
9192
3417
2425
863
9553
4558
1917
426
3448
4203
6457
8426
5852
954
6066
2466
1007
7118
8476
1938
2290
3225
4818
3196
2082
9727
87
6883
3651
1003
3934
1189
5708
7456
1271
267
2099
7794
3964
2206
7291
6022
7371
7324
1355
1848
3636
5803
3249
3052
5493
9101
7959
8967
8644
501
596
398
2461
3514
6406
2190
7693
2425
8702
9487
7710
3263
8605
2179
1171
8663
5374
9059
7287
177
9971
1244
929
3028
5733
4245
6011
6853
6006
6389
7139
9752
6489
8659
737
1335
2117
8141
9034
9761
4086
7197
1333
3732
5620
713
6124
862
3320
170
2133
2928
9292
3488
8193
6053
9218
6611
484
9697
3256
444
9175
2525
6618
438
4251
9458
2264
1535
8111
3700
1930
260
4083
2962
242
4764
1213
9194
913
7123
188
1698
7452
2362
9948
9509
1392
5277
650
2938
2612
1685
9592
9723
1998
3647
226
9941
9944
7885
1042
1307
7540
2027
4097
6880
2878
8532
6495
2309
7633
5206
4854
1711
8669
7876
3914
124
6872
123
1667
360
4754
7959
4733
507
7805
8182
5471
9477
7724
1069
8220
669
4843
602
791
3287
16
1817
1834
2644
9889
3387
1881
8366
471
6708
7618
7348
4433
9173
3815
2082
907
2713
9680
596
1679
2083
218
6637
2557
2264
469
8131
232
2233
7005
2926
5921
8948
294
3665
1016
9850
7678
8935
5392
2836
1789
1650
2547
7970
9728
3936
3909
4997
8247
5663
9885
910
8747
5699
6402
5478
8420
3829
7026
687
5162
8414
936
923
9211
1556
8511
1996
5468
3636
354
5835
3123
2833
2150
2973
1621
5323
8843
3922
8523
3476
3918
3904
1530
4511
1763
8624
5907
3386
2705
6183
8344
7006
414
503
9120
7364
2332
3671
9133
1786
8980
8113
5356
647
35
8155
5133
4123
6866
6968
1796
4522
2203
5055
3086
6634
9992
8604
8264
1755
4445
8150
6445
6135
8553
1585
7598
9322
6602
708
4903
2884
2047
2142
960
4172
993
2869
5489
4551
2452
8911
3625
5849
4554
6500
1361
7500
218
6227
5100
3839
6351
6933
18
7872
99
8127
8189
2221
5134
2620
1364
8296
2570
1530
5606
745
8441
9523
3033
3768
616
127
1076
2763
3253
7896
1113
7180
4880
2366
6455
9407
2222
3164
4735
3394
340
6923
3173
7414
3138
3669
522
9566
6877
4413
2008
3190
1025
8669
5997
805
6919
9360
1643
1589
7508
2577
4991
3155
6962
724
9409
5410
4483
8387
8619
2357
642
363
9102
8973
8285
9033
8433
111
144
63
1612
3658
6019
2843
2196
9335
3000
2650
2631
6914
7917
5865
6299
312
5529
7836
9777
897
788
595
9280
752
7383
905
8495
4761
5175
5870
9043
6291
9788
7816
1835
9789
5927
3798
103
438
3811
8869
4544
2647
7546
6759
2388
948
7419
5840
9345
7636
5723
5298
516
1980
8555
2140
9842
6435
2568
3326
6951
801
4840
9840
1596
5785
7411
2500
7775
8137
9312
5258
4926
5423
6386
6242
4035
6462
2787
9703
1399
1186
8032
6154
176
9616
7156
9420
1437
8370
8921
1456
3572
9281
2108
1136
8553
8564
8529
831
8386
24
5544
1887
1752
5664
1358
1748
1601
8431
7862
4457
3500
899
617
1569
9532
9109
2268
2000
2009
7038
9618
7836
979
2013
8945
2302
1864
1606
5337
8189
3000
9404
4626
8893
7272
4818
6309
2692
3332
5839
6654
6269
6408
1616
4384
9169
3904
547
746
6434
4558
1633
6969
954
8060
1147
8782
6772
9426
2184
2513
424
7803
8685
3686
2013
2468
5359
2015
2170
9828
2309
6482
8605
2386
4737
6093
256
7571
6961
5527
7641
819
5137
7448
1282
9894
1779
2827
808
639
289
7203
9831
5793
3218
8701
7045
2597
780
3413
8030
4043
6106
5211
7761
2436
7150
4966
8120
3326
487
89
5069
1265
1558
2758
5739
5611
8110
8369
3508
871
9707
7943
5154
3396
7460
3422
927
8882
2835
7901
6264
2351
133
6784
5631
1828
2301
7157
2496
2922
670
3995
4839
5105
3161
460
464
4993
4515
3239
9566
9762
779
5731
9888
2154
3275
4913
5121
5749
2604
9810
384
5178
239
5689
9712
4571
1897
5745
2336
4925
7230
1810
2061
8585
8770
8880
806
177
11
8581
6512
2919
9339
8497
1211
7659
5470
783
9461
196
8351
2089
3118
3602
1375
9726
7564
7873
5896
7971
5808
5791
8990
6952
8520
8385
5464
9437
1334
1187
1022
6084
1937
4688
2243
8328
2746
1697
5189
7487
9378
9657
434
8460
5338
6592
8670
1704
9579
3213
818
6306
7528
1562
4951
7844
528
2691
5812
8776
3064
4863
5843
747
1801
3683
7370
7009
5637
5635
3753
6489
7600
5834
240
1266
8204
9931
6355
8814
4518
3577
8672
9078
4096
8932
8752
4526
2766
3957
4477
475
6228
1469
2947
5346
4895
4489
9161
482
6404
8728
2658
2565
5223
3631
1871
7011
3789
7293
1607
7720
8435
683
2490
2615
5792
6950
4210
2047
7208
3377
6076
5037
275
3620
5445
4274
77
5961
2008
7158
1855
7049
6967
6572
3407
7762
5992
7432
6147
236
6242
9471
2987
2220
4631
4638
4880
9784
1477
8766
4200
5341
1784
7126
8331
6285
1090
6929
9034
7389
2398
4066
2479
94
2993
4373
8912
6137
4290
8424
5784
2673
3947
7354
8199
148
7408
9794
2840
3954
9184
6355
2452
1281
3802
3871
1046
2320
5042
6026
1822
635
2307
6240
5210
9711
3383
3449
1330
2638
9477
2811
2418
8100
1355
737
8622
5163
2461
9660
4832
6636
9532
2567
9670
1367
2585
1023
9978
1397
9868
7586
1330
2460
1969
103
8969
99
8194
9055
5853
951
9755
7578
4987
3437
6969
5069
9943
3928
4149
8274
769
1821
432
7393
2996
8966
2382
2334
8673
9380
8
947
7740
4968
941
3471
6357
579
2122
1455
4969
7965
2650
2172
1641
5187
1166
805
7916
7381
8928
1070
1473
4159
8901
2441
1336
4485
8465
2949
7122
1716
7311
452
9605
7927
1506
4929
4724
5592
2806
8065
2302
2071
3946
201
1446
7744
34
4481
1124
2424
439
5944
2522
648
2130
4328
1961
7069
4361
2171
1764
3439
1033
4829
1077
5376
2501
8916
5104
7464
6990
5774
8773
4863
4916
2202
3753
5082
5995
3178
983
234
7186
9414
8706
641
1952
1285
7743
1830
4623
1768
6561
235
5069
2279
6373
93
5489
2336
511
8107
8827
7549
900
507
3392
5638
8826
1834
1652
54
7277
722
7624
3234
2963
6913
2070
3784
8850
8152
362
7668
3616
5681
3492
5385
9771
9124
6892
3486
411
91
9877
2438
3573
3604
5461
437
6145
9448
7011
6048
9854
4234
6770
3316
1284
3522
1901
1145
1050
8618
2643
8264
7017
168
6710
8971
6689
9950
318
8661
7946
30
3571
4498
3438
7490
3771
5151
4406
5563
3953
5405
8626
6456
7895
5266
7804
714
9965
465
1247
2854
4626
571
68
9210
842
3942
2605
9859
5936
2781
6550
3502
6286
6632
3817
2541
924
797
4289
1869
4533
5687
4641
742
832
6086
8645
8322
9421
4919
8105
6450
7726
4070
8057
1741
3880
4513
3065
6570
7706
7695
5030
129
6270
9520
2556
2333
4381
8086
7386
7940
5448
4997
3475
4714
8132
8007
6374
1298
838
5460
8656
967
6079
5168
7184
746
1225
5444
1980
2077
5075
7713
9714
191
3642
9923
3105
1945
8793
6355
7273
1241
8033
7519
1840
4732
8908
1886
2775
2482
2191
9118
5532
7772
8686
7201
5633
2633
7381
4808
557
2642
4052
8542
3378
786
1466
2376
1743
730
8134
171
2278
1588
1033
2446
6512
5894
528
1042
4384
1529
1633
703
1430
8667
1731
433
805
626
2563
1220
3910
4962
6132
8347
2478
5201
7447
4727
3118
5704
7404
8262
6105
3916
5064
585
7100
7567
4151
2955
3113
1521
883
6639
7412
9722
725
4825
9314
1373
8860
3840
1678
2773
6604
9458
8222
771
1161
904
1941
9227
7092
6284
2747
5515
3685
4985
8810
5086
9194
337
3930
5120
142
2821
1839
2979
2205
8960
1457
5569
2999
3444
9101
5779
1780
1130
8266
5489
2359
2612
222
1323
4246
9590
9874
1559
2328
7540
6916
9756
6096
1757
7179
2879
5945
9529
5904
4748
8195
9422
2283
103
9117
281
4251
2419
6227
2315
6714
2467
5434
7634
3872
6287
4169
2155
1608
9577
1066
692
2288
2689
9090
8246
724
7702
541
6515
4701
7310
7278
4188
3286
5911
5989
3446
800
2638
1073
6126
6887
4401
9417
1531
6100
9920
3190
8723
4051
2217
147
193
1400
2661
7895
533
6110
4844
5282
7915
2320
7216
3526
8161
2412
7353
9800
8116
5252
652
2935
5370
1319
1874
7981
406
2944
1222
1428
2663
2525
15
8922
9569
786
8255
8792
3504
6863
219
6159
106
9520
1452
7572
5941
4051
8373
1374
1706
6943
1109
2221
9784
1763
3359
4974
4747
1581
9001
1724
1502
3260
5859
9688
1198
2584
1256
9084
6209
192
2089
2109
1080
1588
9576
8304
9057
7349
8034
1710
480
5274
2929
7594
3262
6420
4145
1651
1746
947
9729
6245
8000
2778
2220
9381
2463
8993
7721
8796
2928
5290
1071
8403
1067
2182
1581
5633
3196
5129
3289
913
1246
779
9304
1511
9398
2704
2942
5604
212
3882
2453
8184
9077
2974
7763
6808
9597
581
9672
48
9331
563
2901
8794
1917
2253
8963
496
3742
9431
674
9262
4125
4059
3857
7452
8712
17
8046
138
9496
7755
1119
6221
5814
6032
5200
953
6607
5212
637
447
5252
869
1203
602
3253
3889
1954
2084
3008
4278
7381
1678
2548
3011
7253
7152
1418
8669
2875
7661
6726
1068
5013
59
8987
5048
5131
2673
813
1886
2882
3090
8523
279
1952
1322
2476
6474
5057
6150
232
7376
186
488
4955
9433
6124
6139
9126
3726
5963
3524
647
2391
3856
8730
9066
5102
6044
5768
79
6899
173
5936
2830
9312
6246
1394
8601
528
1514
3933
1585
5644
3753
2661
1403
9655
8606
8198
5907
3931
968
4952
2242
3122
6104
3988
685
7722
8778
373
1118
2147
5016
1362
7095
474
7531
7595
2884
8331
4995
3234
2928
7986
2329
2573
9723
8371
1571
8137
9994
2780
3896
3809
8575
263
1716
8606
2635
884
6526
2337
2881
2358
8649
9376
1629
9948
9912
6877
8197
6067
4517
7341
1519
9755
3587
6471
8291
343
626
7323
6546
7449
1411
9366
2791
877
7694
1923
8940
7316
368
6611
5937
5092
1048
4401
6441
8670
7076
831
2421
9985
3992
565
9845
9981
4783
780
1564
1466
5652
9845
419
4329
9763
5535
3041
4860
5932
5993
5017
3426
6504
2788
8628
6277
6463
5725
8466
1256
7833
5690
9515
6395
7139
6547
9018
2449
2757
3795
1772
2164
9729
6350
6166
9031
7551
6405
3557
3243
3671
4968
441
7606
718
6172
7077
6370
5108
2589
4336
8770
6109
629
3983
9978
880
8878
2615
159
540
9525
4462
8461
7441
8511
4193
840
4030
7936
1883
4356
5815
2953
2789
9161
2217
8402
9017
9729
8705
6329
4843
9796
3721
3929
3642
5479
9173
7711
1139
9792
7982
2777
4023
1980
412
720
5678
9333
3577
3495
6108
9358
1539
3380
5491
4913
9795
8526
4426
5244
4940
8232
476
1062
2069
8510
9619
3240
6411
4221
2022
7242
7281
6840
7089
7179
7929
2232
421
9462
7384
1091
4863
5009
1525
5168
7213
2600
1826
5770
7663
7401
5774
8915
346
4049
441
235
8050
6439
4026
7841
6857
391
4062
6873
9139
1346
6322
2255
685
931
67
6139
2861
901
5187
8262
8011
7476
111
1227
2560
9058
1902
4481
7101
9451
3245
6841
6688
1082
9417
1795
6931
797
3533
2677
6198
7367
653
3790
126
2660
3057
1464
5357
9458
678
6397
7635
2943
6033
6172
1797
365
9990
2059
3710
8877
4472
7935
1060
6011
8722
330
3228
2006
3253
8692
2064
5427
7491
861
2096
18
1211
8994
8151
5937
2118
4334
5535
7151
1634
3747
8599
9844
972
8105
1140
8688
1540
8837
7238
5665
5115
5950
893
4008
1440
9533
2155
6846
9372
1283
9644
4819
6202
6368
7587
3960
3435
7856
2551
7470
3000
4504
2270
6078
1753
6258
1752
4458
8679
1205
143
4547
2205
2185
1997
6013
5892
1689
1359
3008
7567
1129
9977
3633
356
330
1626
7216
6220
8236
4753
2179
9644
3636
7120
483
3509
2254
368
5445
778
9637
6934
8299
5104
9120
5540
9212
2298
1823
1715
5362
389
4727
9999
3938
2817
7801
7699
6690
1874
3306
4071
7078
6198
3742
3543
75
6152
87
3206
2887
9540
605
3619
4320
5964
9566
7451
5709
5930
1240
4735
3722
3815
5731
775
7968
8923
4805
2086
36
2230
1921
3200
1647
4110
4832
8010
4702
2794
9234
8945
7242
95
5222
9518
1146
136
120
6121
2360
5484
3115
779
738
9163
7752
5832
1634
824
3077
7148
3904
8926
8425
693
7349
8252
1551
2002
7044
3586
8506
7658
5413
7153
7544
1728
145
1710
6713
1334
9701
6471
3569
752
1888
2649
3724
7322
2831
3026
690
252
1612
4034
6492
4797
6563
3079
422
5846
8149
4649
9428
4648
751
547
7962
656
8285
6276
2455
9802
3020
2293
5058
8869
2718
7531
4840
9861
5905
687
8660
4846
8242
6668
5280
8992
6414
8168
906
2110
825
3607
2859
3843
5826
765
2580
2791
7063
3699
7018
7934
8517
1468
8517
7122
9907
5799
3315
7762
4415
4087
9874
2155
9
1906
4973
2614
3247
983
4342
514
7320
9588
5141
4404
7957
9575
6608
9628
9109
4275
6636
1833
7144
4869
8450
3583
1894
951
9622
9496
8369
324
4628
2250
8728
797
6780
232
7086
8572
6704
7483
6106
4920
874
4114
5376
7704
2660
1511
9888
5339
3026
6228
3533
4023
2306
2405
3793
2449
792
7696
9759
2685
627
2979
7977
4197
2932
7805
9939
5871
6912
1056
5096
8970
6756
3221
8299
2698
760
9328
4928
2965
6167
3845
4301
4508
2173
7211
2475
1262
2114
225
7025
8505
7447
5503
5235
3394
9454
3757
3031
2935
223
9817
1192
4308
6664
1669
3390
9987
5573
4512
8126
9191
2592
8806
2510
8090
7547
8778
8716
7093
4363
803
5055
5777
4839
1524
814
1180
626
673
1264
4942
2069
2895
7972
7772
3808
8027
9297
7356
9170
9038
3440
330
7096
9391
441
3355
9794
121
588
3920
412
1150
3490
7613
9964
1597
2322
4618
1751
832
1527
9418
8057
2729
3538
4939
9652
6094
8349
7709
8264
962
4896
8662
8261
9110
9591
9541
461
3104
6227
6149
3085
7147
112
3941
6317
5743
5735
6742
9158
7906
9925
9012
2900
5071
1596
120
9452
6598
2088
9069
4207
1653
421
5203
7391
101
5135
2704
5730
1831
4905
7997
1765
6065
2994
880
3107
8372
7093
9318
198
8032
9009
1492
1485
6218
1448
9133
6719
8892
6811
7350
8526
7486
6934
8008
7887
6964
9768
9558
3658
4791
8726
6880
9629
409
1121
4135
4181
1667
804
5619
6016
4273
546
2513
3341
3009
2464
3760
5989
327
6959
5278
1854
3685
797
8334
8637
1225
7100
9166
5244
5479
4323
1718
5340
4073
2691
8995
5261
8356
1341
7652
3243
6621
5522
4548
2635
8364
9611
58
55
9648
7258
9006
534
6018
7361
6173
4016
8574
9954
1247
3360
704
2230
2934
8587
3419
5121
1402
9472
7248
8774
1699
2304
9229
8600
3494
3712
2980
689
51
1037
2525
7814
4270
4479
798
3114
8557
497
7162
3137
9570
5520
7816
280
6922
81
3430
7812
5188
4584
2158
472
4470
4647
5944
1964
2061
20
6399
9098
7267
6542
1560
9017
1926
2081
7648
144
182
39
6534
7907
8559
9409
249
4674
1576
9863
7091
1075
8235
1309
8518
2172
2486
2743
7542
5941
6385
718
3176
8302
3970
9667
1816
2173
7949
835
2273
5067
1088
91
5929
1967
526
4590
9211
8906
6297
5157
8777
7205
1845
9462
6769
5208
5467
2857
4495
8381
2188
8534
1172
4597
6695
5603
2518
569
6205
2877
2616
8403
6210
197
4283
2237
7366
797
4756
2074
6453
5282
7024
3252
9676
3500
3430
982
1869
3972
8668
811
4772
1910
7101
2647
2411
2263
1513
6709
140
520
8237
5200
293
2620
1924
389
6096
6870
1950
1640
1683
5047
2833
4407
502
8055
2797
6493
7187
4401
1620
1208
5635
1156
2682
7180
5126
1350
185
4008
1091
716
6472
8874
1281
648
1645
6239
1620
4594
1937
2366
7597
3051
1363
614
5451
5165
783
8804
7351
711
7376
2298
319
1224
2947
5756
7584
8361
5775
3404
2745
5056
738
5673
8622
4130
3165
4356
8426
393
6403
1843
1305
3383
238
5497
773
8745
3
7813
5327
4959
8583
7722
7793
11
9009
1535
1265
1512
2449
2280
3912
9773
9458
4677
6035
8402
365
8522
8890
2562
350
8799
5888
9458
8474
200
603
7345
2993
4551
52
1296
353
8640
3840
4516
9755
7742
3616
1114
9610
1700
1286
1274
2673
7799
3210
2591
1283
6202
3276
2342
2089
9258
1466
7413
2016
4011
4196
2462
1762
4578
1966
6595
1958
4356
7670
9148
154
5967
9127
7432
2511
7480
6684
7840
2661
2549
5801
6850
1961
9612
1431
4540
7709
9308
1359
9943
6503
8202
7625
1927
4396
4590
245
8752
5135
8927
2537
5723
180
7868
8252
57
7178
9117
8738
7927
552
6505
6505
2354
7063
1881
8324
5213
2145
8941
390
8001
4504
6029
386
9285
2298
5811
2800
9454
3011
5623
5122
7928
1427
699
184
1302
5490
8089
6736
1862
8018
5609
1218
5768
948
887
6811
6753
2573
2677
4889
3563
8282
7196
1559
9951
4641
601
9048
8646
8410
4166
1689
2396
3262
9014
2850
5574
9023
9557
5086
149
7273
335
108
316
2136
960
9332
1727
553
636
9918
2396
1493
5088
8111
1214
2219
1384
4373
2831
1085
722
9158
2094
8366
8499
8452
2
1818
666
3315
2398
9383
7826
2078
3013
1611
2875
1751
1807
9886
1306
9278
8525
7489
7839
2131
537
8063
6184
1199
4002
483
3445
1264
8471
4426
7676
2388
2737
9306
7774
537
1158
4883
6985
2001
6364
4517
6623
1211
1610
3219
7703
5504
6997
9319
7267
2524
2794
4053
3090
7918
5174
7444
6934
9633
9310
3514
2360
9867
5724
6615
3690
9286
856
1462
2318
9022
3896
2927
4182
6586
3160
977
1211
2638
1117
6958
9938
4384
4726
7078
8556
6121
388
2505
5005
6543
9804
2711
3967
3761
9163
5802
439
3379
6090
6279
9464
1018
161
8609
3975
5258
7584
9662
1583
6222
3516
1774
6102
9623
3255
5641
3567
7210
244
8664
7921
8323
2553
2408
5049
3982
9813
5850
9260
8359
564
5342
8591
7376
6273
4721
8106
8036
6187
788
3097
7769
2315
7600
2453
8043
7173
3254
3012
5783
829
7548
7932
4725
7564
773
2686
1946
7155
2671
7840
8284
927
7972
8235
7911
6062
9657
3431
847
2145
7483
8403
295
1122
7962
7673
4562
2679
6742
9073
713
9256
3242
3733
5084
6718
7590
6790
9500
9996
1874
317
3400
2931
1263
6996
5014
9920
3200
3254
9205
4345
649
211
5552
2872
5015
2425
3686
3382
9008
9536
6840
3660
6764
468
3858
2070
420
8409
5533
9865
458
8346
772
8039
2857
9074
1510
6496
2063
95
6508
5243
1736
2371
6796
1525
3372
5517
573
7529
7964
5015
507
5970
3289
8033
6157
317
1830
5887
437
7618
7887
1727
888
1283
2010
4269
4495
5462
8188
154
1277
240
2735
490
6018
6531
115
3277
5503
8009
3139
8960
4027
6369
458
4469
3910
2794
1541
3168
5036
6830
554
5012
1052
3409
2985
9677
9801
3049
6610
4383
9920
9376
7255
4079
3947
1127
5411
5712
8342
7886
9068
7650
6753
6066
7301
8102
6933
5478
5975
7028
2730
7637
6241
9200
3687
7030
590
763
9228
5442
3126
182
2893
98
1143
9948
48
9580
2965
7584
4073
9327
3599
5733
1235
60
2548
8173
162
4521
5942
9844
4582
8432
735
1742
1875
9405
8481
5821
1615
920
4930
1399
4076
4495
9095
504
8054
4408
9568
1797
8335
213
661
2385
4298
1608
4623
3138
884
714
7258
1286
5929
1399
5673
2067
1046
732
8091
5980
6235
484
3373
1099
2468
6526
816
3755
7672
4691
12
8773
6353
1991
9189
686
5965
2222
6108
670
7044
6721
9050
4932
6379
6977
7929
3288
3449
4779
1395
5201
2168
1693
5039
4328
9422
5864
4856
5005
109
4998
7713
2617
8471
4590
6967
5476
6070
2741
6517
7655
3402
5383
3758
6116
8740
6631
5766
3269
7524
6563
3681
3043
1694
364
2369
7048
8642
5748
314
694
2540
6457
1320
6649
153
4273
2323
8267
2107
6726
2290
199
8142
6948
7134
1312
4556
2848
7144
6322
1294
1900
9086
6361
8597
3336
8570
2737
8952
7899
6827
1790
6414
2915
8104
3405
1982
7481
6898
2331
1381
1528
9561
8084
3496
767
2706
7054
5179
1909
2488
440
7905
5085
6753
5917
5396
5706
2706
5789
9832
373
7349
3165
1915
4781
569
4638
2432
8061
7339
2076
7164
8292
1396
5848
5120
1905
5619
5480
9624
8350
8077
8365
83
6751
6370
4230
3349
1898
6306
5347
345
1401
5375
4220
7963
6254
2612
1314
9557
1734
1910
9206
8696
882
2251
1706
8253
8994
489
1557
1180
7730
5423
6523
6749
473
6474
7723
7982
6287
5057
1466
1908
3856
7713
2721
9445
4255
592
8083
3766
1628
3884
6562
2256
8024
4580
8626
8792
9145
3546
317
7407
3865
2967
3320
871
1700
3375
7350
792
5346
9879
8956
9361
8017
7252
6501
1059
5031
2261
1575
1658
8278
5380
1510
4557
2865
9465
7719
9449
8574
8800
7928
9065
9901
3308
846
6073
3288
6700
5198
2010
5498
4780
9072
1592
1573
1887
1761
5163
319
2300
4872
1115
9629
6295
2555
4887
3411
7681
4851
3592
8138
3570
5086
8417
1699
1510
8707
8330
2732
9382
651
3374
2496
7305
2286
913
1315
8362
1995
1158
111
3388
3037
3439
2728
7067
5498
7430
391
6933
7869
9709
1637
1257
3623
2001
8918
8494
4657
5972
7704
4903
1461
8122
348
8085
2750
9220
4212
8430
6301
9948
6494
1293
349
2288
336
6986
4506
8946
5556
1852
8301
3103
9206
267
2667
6783
2236
5947
8431
7981
4981
54
2676
5463
1317
217
2136
3528
176
2690
2142
2868
1508
7016
9234
6436
1548
7579
3810
6627
9987
3998
1355
2503
3926
2323
9714
6772
6125
6949
1749
2926
1515
9403
480
6109
4227
2028
260
8742
9918
2286
7045
1064
3754
8484
5171
7012
5637
4759
3244
1936
4715
4627
2527
6221
3516
758
9556
4712
7778
5973
2779
7262
1665
9135
1122
2276
623
2166
7226
9350
5398
6139
5836
1646
88
5017
9016
263
2051
3909
8239
5074
101
9156
8226
3225
337
8382
8121
2083
3714
5489
6137
9799
1664
7673
8144
2148
4145
2815
8515
496
2146
2016
7242
4927
1158
3935
1913
327
6573
4797
8755
7745
9225
2696
1306
9299
4157
6850
8634
9100
8711
9364
2887
4463
7919
2290
1763
5412
8384
2016
4357
9675
1399
8229
4519
3795
5866
8415
382
3690
700
9432
8655
7621
7262
4519
9376
8114
9383
1130
9917
4716
5798
5619
1613
3071
8711
800
1188
3261
6261
3040
9737
6737
3504
8098
2059
1569
1375
4096
1231
1961
5031
8669
6333
1110
9340
3594
3725
1232
5063
3967
6396
2155
4570
7512
1811
4255
2496
1565
9529
2855
3416
551
5016
6648
6211
6560
1550
307
6939
3547
4949
9100
343
1140
4084
4427
7148
8584
4855
9795
423
4184
2557
609
104
6922
9425
2839
6833
3489
9964
2858
4816
6142
8072
2265
7448
6326
280
9103
8999
9030
1238
9723
2051
8789
5964
8685
630
6777
5256
5604
9324
1149
5722
774
1275
961
5151
7695
2226
4322
5731
3438
917
6636
3235
1564
7016
3421
1137
254
554
1435
715
5261
7444
9641
7166
7573
9057
694
1094
7274
4737
4775
1578
9314
5209
5366
8902
5582
1053
9594
1208
3498
5968
7481
4047
9336
9355
4412
7073
7560
1164
2418
7053
572
3985
6727
5712
5208
8886
4246
7755
4079
8107
1053
5876
9932
2826
1104
8732
3918
8631
5377
5298
7912
2473
1054
7734
1031
9080
9179
6640
6325
5879
6722
2066
4558
9315
1928
9691
2753
5901
6577
2606
409
4453
3751
7202
6765
6071
3303
2987
6933
3851
1053
5273
3054
6727
7730
9039
2751
5448
914
1223
589
5233
4323
6787
2316
7410
7666
2791
4567
6909
8224
9462
241
4501
2717
9739
989
7912
1252
3689
6748
1311
2088
4004
2341
3283
973
850
1881
9586
3354
5036
5895
1858
2125
1465
8525
5189
4143
1533
2049
9742
3882
8589
8207
8083
8344
7735
9748
9572
6702
9312
602
7483
1721
4429
6852
484
9479
806
1997
2799
778
5128
988
3875
3960
8331
7451
1445
407
5267
4264
7721
711
2234
8523
2441
1568
1038
1689
3300
2797
7543
8089
9016
6505
2315
4709
4931
6105
2997
3491
3798
6314
6916
8884
7659
5053
6064
4012
2377
512
1715
5620
3494
2800
6325
3293
4988
9403
5096
1430
5135
5146
8053
9455
1662
6302
6262
5534
4247
6171
726
7410
3168
8099
342
4103
6147
5860
7026
8250
4362
7364
3123
8189
2428
1163
8774
6972
5014
6643
8189
3393
2142
3516
6964
8997
4116
1523
3239
9384
9849
6387
6513
4388
1668
348
6488
9901
7763
995
8328
2555
2879
1643
2877
8314
6452
978
9477
1905
6447
4159
5893
6899
9640
4603
4075
7203
4178
8653
276
6123
1409
3163
2095
5711
6396
5053
6497
2733
7490
9236
3530
7208
817
107
4424
1077
5749
7117
6474
2789
3391
599
2152
3844
3974
7567
6706
4145
2594
6422
7238
1583
2390
9834
118
2252
5693
3055
7113
1632
5801
9054
5408
9304
1240
62
4043
3060
1528
1379
5326
6669
4588
3460
9279
9323
5280
193
321
2246
9209
709
6821
7564
1745
3896
751
7234
8705
2969
7911
526
6959
1386
418
9365
9083
6587
6384
9584
8789
5260
8039
1252
657
5245
1344
7170
1949
5496
672
9052
6818
4098
90
137
7753
5310
610
75
3056
6723
5765
5919
9021
3023
2536
7493
6691
3611
622
1937
787
8880
3070
6593
5156
4538
9092
2719
3398
5117
1655
2761
7315
3558
5403
4111
8647
8195
9992
1469
2705
9557
1450
7515
2763
5989
3882
1681
3815
2837
7069
5678
1802
360
8092
2331
3518
468
2260
5579
5602
8695
1918
1158
5540
1064
6722
5799
1986
3599
3943
2770
1789
1720
3038
985
8288
2004
1328
5041
2080
9281
6101
7873
7139
9211
9991
1531
3046
8242
7254
8558
4490
1726
1021
9915
2670
7440
3605
4710
6355
2267
1193
3216
1852
611
4201
1811
1188
8645
8194
7501
517
4039
3694
8784
5894
1873
2105
4073
6757
844
5012
5968
8085
7706
8813
1519
8361
5751
8446
4631
8594
6334
2452
1631
9077
7567
5907
5903
849
1487
9785
5180
8335
3216
8656
2948
2650
1715
6984
493
6770
1803
7605
3624
7132
8756
516
1884
5836
7908
931
3617
1030
5936
2114
4729
1520
1074
3029
3446
7676
266
2315
1016
3845
8995
9860
869
5784
4568
9166
910
2614
6262
1632
3312
6166
6691
1643
9272
4032
1903
7422
155
855
4298
9321
8805
183
7399
4965
6127
3104
8879
9522
3063
8304
9641
1776
91
4696
7656
6866
6101
5688
8837
2063
1086
6285
255
5851
7068
988
5201
502
7006
2447
5411
6899
3578
5167
7811
2252
8836
4050
917
6052
34
2072
5656
7245
1357
2577
7900
283
3659
3105
5761
9465
1739
8534
657
4314
8240
4921
2417
2195
5666
6739
1891
6887
2817
9523
5200
7186
3499
9533
9668
1307
224
8452
9162
3636
1381
875
6378
3299
4598
1081
1041
1702
3263
3291
496
9122
6412
8686
407
9053
1903
8462
3283
541
6482
5400
229
1504
5246
5751
7045
2829
4283
2621
55
9451
9449
9295
6637
1777
6750
471
4765
7774
3457
9188
9300
7114
327
7012
9339
3228
4684
597
1594
8333
8581
7897
6874
3164
707
1000
2959
1220
3513
1626
4309
492
2514
1333
6378
3565
8605
5075
4797
3977
3323
5880
6294
6041
8315
339
5462
6936
4482
1619
2992
7183
6545
1212
2424
9568
3554
1833
8714
5223
1572
5460
142
8157
4567
1508
235
7423
1001
5031
5082
2207
5363
4048
7629
1177
3822
5442
5567
3529
6042
2094
573
5995
4623
9721
1942
2643
5125
290
2543
2798
4466
1522
2922
2216
2802
2597
6999
4095
7132
3416
4571
4424
818
5396
6385
5937
3721
9274
6991
3655
4538
2542
4362
7353
7720
9673
6572
4380
3794
4970
2373
3889
6092
781
4719
9732
1449
6703
695
3541
8076
7953
6601
6492
2432
2651
2570
4025
6163
3426
7612
794
4954
5581
6846
5825
321
260
770
677
6675
2730
7524
4887
5465
8221
1991
600
7942
5883
9505
2170
34
1000
3978
3268
1684
9565
353
7289
5494
6899
4160
6795
2708
1008
6370
2427
341
2545
4001
1957
9614
6985
2548
1402
1187
6857
8969
5854
3983
8753
239
8372
1557
9557
8360
3510
8792
8147
6365
2329
5640
3332
1139
3568
3022
3490
2044
4624
2507
9465
113
7012
7196
3872
6158
5490
2512
8186
7662
1053
7244
4952
473
4220
6319
3569
4715
8811
2706
4197
4167
2193
2883
6542
3596
8626
1554
408
8838
7398
3898
4131
2424
7466
8276
3319
1225
1189
1049
2807
1693
125
9671
5144
3638
3771
5878
9316
8553
5292
9419
7306
1478
3609
4157
6681
2659
9546
8230
173
4184
3879
5019
9832
5872
5007
4912
9045
318
6220
3526
4265
4158
7062
6406
8251
1166
295
8611
6021
3164
2975
2587
9787
178
826
8750
9612
10000
6734
1715
7751
5208
9177
8726
8960
400
9691
3430
3026
2931
3055
9023
2439
5305
4224
9635
6982
7577
7978
9086
4781
3452
1950
5674
3279
147
1770
5536
303
7835
1736
2176
830
432
7622
4691
1314
2033
8870
8895
1031
5490
5078
1739
154
4855
4035
7508
2308
928
8522
3151
4099
6559
9600
5343
7679
4354
818
4041
6668
4461
623
5751
6427
8072
2756
8778
4102
2873
1032
2339
4316
4115
3194
6532
4873
4143
1751
4146
8986
2361
81
5613
9888
5711
7212
5300
1139
6534
4331
8915
5720
3182
602
78
4278
3270
7341
898
9173
7266
9193
4602
7928
9084
6449
5072
8701
6746
997
708
35
5487
4485
5330
2699
212
3372
2447
2834
9047
5115
4388
4654
1684
3411
4302
3446
868
5048
4389
5783
1172
274
1419
708
7607
1413
6920
8382
622
9923
4324
5029
6375
8320
9044
7725
9908
9495
2425
5732
3950
5196
5349
2532
4361
1921
3535
5716
2633
7068
4937
7827
5557
5721
3872
2520
6588
5564
6755
3603
3205
586
856
6264
2491
9081
8620
334
9657
2597
5146
6595
226
3044
9037
1362
2756
9068
7161
2199
8958
1043
7815
6610
7472
2583
7935
3179
7089
1136
1611
389
3543
6803
7673
2597
5458
1784
1042
2229
3162
5294
2025
2132
3787
1885
2278
9489
7886
3388
531
9496
8234
8292
6182
8075
42
6277
2161
133
9872
4040
1942
7707
8458
9060
879
1140
2133
2357
5645
6363
7440
4730
4911
3922
7474
5854
2550
969
2382
713
503
2463
3013
2119
3856
5575
8636
6746
5534
783
2625
2171
6718
6398
8088
9607
8082
28
3531
1480
2423
6487
49
4721
5461
3491
3822
1070
5222
8961
6652
779
2667
5283
7
7812
8699
4334
7471
7837
1309
3553
7194
9875
6633
4709
5881
1827
2858
3958
2060
745
5414
9298
6328
843
1297
8927
9527
103
9710
4033
4416
7850
1352
7628
5625
1571
2000
9751
4075
7928
8712
6194
5125
711
6432
8297
5827
9167
3054
345
5360
6496
7619
1667
458
7040
3244
6575
8213
7504
8854
4163
2707
1791
2390
7427
3202
1581
1863
1867
3750
3762
4005
6411
425
4687
5978
7458
5232
7909
2487
398
5232
8757
550
4035
7169
89
1933
6571
3201
4273
7845
4732
6332
8064
348
1936
3003
8008
9816
8129
5114
2146
6653
8467
191
6563
8561
9895
1943
9932
3709
9117
403
2305
7447
8089
8964
2364
3966
4538
7506
7858
4229
231
6179
4966
4068
1130
2218
1933
6971
7858
2862
8258
4856
419
5053
9243
8747
2417
7121
9948
6312
9757
6530
5594
61
9086
4427
9074
4677
5428
1
7691
3436
858
3681
858
2820
1546
7737
9189
9559
549
2235
4569
1086
5811
1502
3151
65
7543
2469
2733
320
6598
6195
3529
6337
2458
5455
2724
8139
9683
3093
9652
3251
5917
6349
5234
5685
7975
5072
2054
6165
339
3480
4687
9318
1978
8487
2392
7323
9666
5771
4199
2796
7714
1680
5767
1035
3812
1719
9720
9928
5996
2278
8838
9346
2121
6703
9352
2175
6234
502
9257
6029
8771
8461
6748
1193
7280
9122
284
1521
5049
5355
4786
4005
3894
6657
5642
2339
7861
8971
1000
4356
2394
5516
6791
6976
822
6112
1138
6073
3163
6162
1511
7975
6494
6818
7256
3696
1102
6214
2132
7706
2901
94
6070
1251
797
28
5708
8017
9492
3508
3099
7238
9619
464
7040
2055
3547
3719
282
2669
6625
3887
8743
8715
7100
4272
8316
4240
8316
6731
4153
7120
4301
9403
6923
2270
8493
2091
500
5421
5466
4937
8152
359
2207
6169
6794
77
3697
4748
4839
449
5509
738
1792
7312
8820
1550
9326
1748
3121
106
81
5049
7738
1547
1817
4606
1918
69
5465
5326
5487
3410
3897
2544
8487
6911
8011
4427
2079
4968
1232
478
9726
6869
6252
719
7295
8229
8055
1107
7974
7162
4565
206
3572
9796
825
9003
1497
6419
3573
861
8362
2391
2597
279
2275
8363
3565
841
6910
7922
415
5948
212
432
4162
2704
7268
1659
5104
7012
818
8419
7006
8118
5106
3504
6849
7708
5909
6684
8703
7506
307
8657
420
2628
3946
3124
1078
2943
8277
6002
4475
2627
1697
6505
2314
3227
6428
5274
3903
1824
8926
1326
7715
4971
7517
2567
2859
1706
396
7176
9487
5861
7715
6759
830
1857
2133
722
7392
3940
6445
2144
2796
5018
1627
1562
2876
6296
7102
282
717
7711
5058
258
1755
6531
620
2959
189
717
5683
5600
5469
1646
8850
7330
2891
6196
6491
5918
7490
7698
3550
7061
362
8059
6778
9002
8304
9343
6259
6737
1875
41
5765
2055
7872
1992
1640
8434
7473
1501
6292
3818
945
8468
9383
4313
5731
3687
7701
6559
9412
7663
1903
7544
7757
9260
2183
7458
1966
9383
5507
6937
4840
5686
5856
9414
2329
1824
5208
6056
1709
8481
7767
6161
6659
9520
9627
9428
6846
32
4698
1261
6573
7940
1225
6466
5630
3798
1130
6952
1982
8553
3861
7562
7139
3021
1162
3029
6766
5460
597
3431
2731
5891
3908
1114
2571
5882
4533
475
3796
3511
2979
7264
7143
9448
7571
8938
227
3889
3466
4438
152
1341
513
4762
6366
6391
1308
4991
343
6379
4487
7017
3202
3929
7841
6863
5089
986
1998
5799
9742
70
6296
4273
1273
997
2710
1688
629
484
1760
3796
260
5659
993
6307
8480
4412
4173
7081
8668
5951
5429
5509
5850
1532
9881
5751
9838
6152
6254
4287
674
5460
6656
3383
27
2049
7513
6452
1516
3273
675
1369
7003
6234
3770
508
6737
1668
1430
5245
3797
6198
2152
6452
4539
6372
5202
9818
1656
5051
4476
907
2649
5864
9860
8155
3685
1654
8565
1047
4865
678
4828
2125
5363
2916
1959
3454
8297
1479
238
5122
2538
3193
5255
701
429
392
8933
5265
4600
3709
5712
1172
7324
4507
2731
6308
48
8442
6018
6600
3786
2628
5394
6264
8469
3439
6078
7312
2080
4205
7086
2048
7075
3664
8283
4120
7512
1506
2761
755
9175
1572
1955
1137
4721
581
3118
2490
2290
1701
2967
4783
1457
7787
1806
5379
4202
7892
8519
4794
5374
637
1182
9984
2648
2227
1115
4189
5380
1896
2166
6344
5099
2137
8765
7402
2162
4782
9892
3813
3876
1377
9916
7813
1117
3554
55
3525
4120
4251
1851
1924
1067
5840
8293
889
5410
313
9344
629
1993
1411
5350
1785
8542
9555
181
8184
2566
6541
182
8782
9182
5924
9243
1217
4373
8835
1622
6150
4537
75
514
5271
4879
6382
2444
8116
727
2780
7665
7543
9839
8011
7071
6525
423
332
6580
1170
1684
4027
2140
5596
1801
5528
7961
3835
2899
1268
1779
1167
2676
814
1891
7482
2594
4799
5914
9175
3185
8530
8183
5740
7006
1784
345
4172
2573
1626
1282
5664
870
4145
477
6615
4539
4419
6033
7819
6734
9998
1285
646
7744
4266
6934
8981
8365
5130
312
4044
3814
2660
410
3179
2719
2625
4749
2495
8810
4646
2246
8747
8771
836
5393
3896
2190
1950
5288
3098
446
137
229
822
8167
1656
5077
3505
870
153
9965
2395
2864
4313
8497
60
7960
9167
2579
4493
2165
4024
6536
810
5171
8479
881
9190
3225
896
9433
2911
5275
1069
1418
5924
1584
2720
4854
869
2695
4146
226
9754
5333
8827
4005
2663
7618
6011
2690
1790
2118
6744
6929
2789
9918
2953
9189
5641
8099
8083
5114
9347
1453
5378
6989
6042
2083
8922
4977
3129
6486
126
8543
9651
1599
2816
365
581
1110
2027
2194
1242
7365
2142
5305
1700
5692
7177
6356
1626
3718
8221
851
6733
348
2687
4566
959
200
5773
6031
6726
4957
7077
6779
9773
5093
9090
6722
1181
1755
9287
1997
1098
5818
4673
3719
5104
8005
7272
6679
1376
3433
6679
9806
8245
1696
5821
28
2924
1223
6675
3239
3107
6418
1022
1663
4737
7391
39
3019
679
1864
6905
1256
6533
1837
9450
8868
1104
737
5326
8246
7123
2580
5641
8080
7603
4225
4644
8583
5576
1352
7378
7538
7032
2015
1187
9874
3318
9285
3176
449
299
423
9959
158
5188
1766
5634
9319
1117
2296
3235
4632
2491
2942
5179
884
9072
3335
2220
8160
5019
1539
1523
664
3806
1259
1066
189
3988
6318
1132
6540
4578
6479
2266
2677
8861
8397
8574
6585
7101
2227
6095
1509
8033
8289
3252
8063
227
4490
348
3247
5981
6417
638
5600
7580
8189
2892
1335
7684
7716
8893
6227
9668
6375
1914
1045
3515
971
441
1282
7098
2904
505
1734
6764
3301
4638
5180
1957
3219
638
9355
1191
5368
298
1667
7514
5215
2097
4137
1196
1919
2097
4623
8423
7593
7423
8519
7571
7942
1290
6969
6924
4000
9035
7491
325
176
7535
1361
8460
648
2360
4717
2000
5921
9504
5592
8849
3112
6688
9370
6550
6581
3201
8711
853
7676
9889
9379
847
6983
3528
9079
5705
9092
1291
9219
8355
2027
6960
1446
8946
739
1827
9661
2224
5893
9609
4280
4599
4416
9571
4371
2698
3039
5317
116
9205
7000
8071
8928
1158
7751
4684
4915
1419
746
82
1151
9118
6718
8585
2148
4239
282
4087
7234
2608
1242
4315
3739
6631
8335
6224
7500
5519
149
6677
637
9040
8773
539
6263
6640
3580
2942
7493
1514
972
9719
8542
574
3025
433
4819
2937
4439
7388
7044
2519
5450
751
152
4582
3069
2560
8140
2285
447
2328
6715
4764
1804
3523
5967
8966
7024
534
6167
5052
3537
3252
9369
4844
7245
8418
8218
4186
5665
9785
6956
2093
2907
7324
7111
1406
6259
1531
3932
2732
150
744
2197
5795
499
8600
9185
8431
9850
3115
3231
4411
576
767
936
2047
3816
2498
8514
441
2015
2535
3090
7323
9991
5868
2849
7830
4535
9289
9075
6293
2992
2747
36
7629
6563
2241
5316
2259
273
8695
2853
4207
4291
17
1570
2623
7468
1594
6514
239
7147
8398
893
9432
9525
3333
7470
6198
5666
6258
490
3791
3623
1514
6128
3537
68
7960
2017
138
1263
7632
9378
3438
8017
8562
7856
549
1071
1442
7667
9891
2012
8870
2998
1036
6317
6256
1253
3863
253
8829
4424
8514
8673
8108
1008
5639
1151
8003
736
381
6699
8175
6254
3346
6850
7162
4633
8424
9483
2898
4828
6253
8698
6951
9668
7215
1623
1829
1887
4256
1726
7667
9846
2375
3992
3179
7085
3831
8314
6123
9480
9299
2445
923
9872
4018
9790
849
3301
5776
9542
1937
5494
2262
9357
1609
8352
4442
3146
4060
1700
5817
6351
9404
5052
5285
1875
8029
2478
8554
7359
2040
3441
1829
813
8830
5728
6087
3133
7854
750
1830
1770
6889
7337
4164
6205
8851
3057
8884
576
380
2123
1371
3222
9408
3825
8548
1065
3548
6108
9095
9684
4210
2677
2602
6099
8271
2264
7959
1543
6218
426
2736
3134
9504
9900
5985
2594
5118
1584
6406
49
7806
300
445
7037
7319
973
7628
5060
1278
8142
9750
2291
897
9961
5946
9047
2437
9789
4125
4212
4413
4033
1577
890
5583
7368
7829
6404
1122
7221
4263
6915
1243
5248
2487
2554
8744
5098
3222
1035
2348
5085
895
5011
5260
9096
349
9617
9641
6026
2382
7004
5183
1532
8358
4902
1581
4100
343
6651
1847
7047
4943
2975
2409
623
3650
2903
796
3053
185
8150
3005
3617
3451
507
268
440
1228
1449
6083
3333
3844
7544
8
6675
7249
2554
9076
6329
4719
9648
2709
6399
2326
2013
9216
7488
8933
1275
2091
2721
1998
6477
4619
2289
1650
1509
4857
2609
3694
2935
314
8710
4630
1822
9103
7005
4881
3214
9226
462
5461
73
6163
7172
7221
1493
6394
4316
9416
3694
4445
8540
5676
840
9212
2598
3034
9112
2235
2476
9788
8916
8776
2102
9708
1431
4190
5554
4815
4394
1081
4780
386
2672
634
3983
131
3632
3789
4218
8419
1784
3946
7670
8555
5279
89
2375
5693
7244
6042
7937
5708
3446
259
7021
1823
2492
2955
6380
2001
8358
1575
7739
621
7787
6050
3543
1256
1556
1906
4947
879
7233
8185
1064
8739
283
2282
5165
8258
2665
9725
3447
120
4263
5908
8226
2566
7795
127
96
6626
6586
7228
6898
7838
8596
8307
2517
6653
3147
5297
8894
9507
97
724
3466
2957
2786
9335
847
2674
2199
9933
8951
312
3853
4755
1278
8537
4662
3633
5577
7495
4238
2450
5529
1486
1105
7573
1361
5913
2731
7474
1396
7560
3264
6625
7875
7632
1709
983
7782
6963
1038
4818
5416
8802
1154
952
216
9649
3244
139
9949
8650
1227
3999
3241
2628
4156
2751
7090
1716
3854
461
4125
4373
6918
9689
8316
8885
2421
6548
5129
6928
1671
4036
371
5040
8780
3770
5417
4661
2060
3347
1364
5522
1143
3757
2586
7336
2188
1482
2208
1975
3739
8009
4464
2594
9611
2451
9836
4226
9504
468
529
1678
488
3211
4063
9866
4101
2067
200
4573
6928
7394
1767
471
4028
1490
756
2227
2472
2911
3013
8761
1593
2384
8902
9879
2728
1721
1276
6401
3991
2304
726
871
8410
2238
3301
3814
3700
2585
2526
2001
7567
6224
6894
1090
7440
6551
4045
5531
2346
9379
4054
1074
1378
2040
8566
2733
3251
273
6963
6778
8899
6735
9871
7474
9190
4215
5917
9886
5073
9957
9459
1802
2689
1445
5200
3594
9853
8947
1696
491
281
3041
910
379
2429
2250
297
5435
8230
9620
5018
1955
3691
795
2293
535
4946
9276
7998
9705
468
8399
3774
447
446
7241
1702
1127
8954
5504
355
888
6509
6480
2946
6763
1602
1709
4502
1113
311
2778
121
7158
4278
2170
8655
9647
632
758
9425
7360
5813
14
7352
4953
5214
8227
2439
2066
1646
3700
8542
9356
5166
9319
7789
10
2201
5931
4534
5136
9440
4267
4135
2842
8558
5366
5334
9409
4030
9037
5565
1098
4556
9260
2248
7343
809
3292
1708
6177
1283
6136
2187
3534
452
4383
6853
5136
3978
8314
1153
4487
9463
1807
6556
3624
874
5541
577
3269
2990
7688
8347
4399
5521
8479
2391
8489
5575
7292
4828
159
8736
7764
9087
2678
2167
8768
7042
3014
1437
4611
9758
3926
1526
2925
1297
8279
2018
208
7273
7988
3726
1793
722
3831
7820
2368
1884
9807
688
6587
912
7633
253
5888
7220
5517
4640
8306
4590
9747
7226
1230
4854
8758
9604
5583
9902
8047
302
1998
5718
868
2520
5166
1131
6731
1477
743
9472
3258
5693
9041
7328
1921
9602
8467
4738
2394
6101
7565
8446
63
1513
4163
3888
365
505
2011
8331
5560
9414
5897
3615
6992
8483
5896
4573
1826
1268
5772
5770
6881
196
1253
5235
3270
6999
3047
6129
4198
2079
2616
4125
9459
915
4522
1717
678
2172
409
4638
5915
562
4775
3309
285
9095
8039
4305
9236
114
278
1571
9260
6639
8560
4050
6089
6340
5058
6056
5127
6471
2732
5392
6518
2958
1306
5068
2166
4311
6019
7906
1135
1402
6625
1783
5221
1900
1618
7375
9850
1221
6670
5075
6756
5828
5035
6980
7248
6273
2285
9359
4391
467
9761
4274
5057
8228
332
8078
615
7761
7280
9933
4637
8806
1791
662
4047
4506
6467
6318
7643
5943
2476
6353
4576
5869
6251
2722
7781
1894
400
2751
2814
6397
447
2121
3050
9915
840
9522
7888
8962
1367
9080
2300
558
5737
4513
5092
5657
2848
231
4591
5918
344
2886
8472
464
9291
3763
112
7516
1890
4816
6226
1115
4110
3005
939
1501
4422
2817
858
8883
2497
4730
9700
4731
9046
7009
9994
1393
5298
3697
1295
8164
3578
9561
9205
1687
4434
9152
7432
1129
8205
7081
6541
2615
501
4791
5020
7376
5022
4323
2475
6858
8086
59
8269
307
4656
1997
940
3354
7089
7861
6354
7215
9530
5907
1918
3369
1767
7889
6021
5478
9303
5715
8983
6184
878
9135
2355
3918
1703
6735
9005
592
4286
8197
208
5488
8925
2430
7887
8781
229
9354
1456
1289
6207
3323
3995
8781
9043
1069
159
6988
1337
8757
6550
5478
3535
3180
5866
6718
1418
8462
7256
2317
4288
7133
6340
456
9494
4204
2413
2208
5461
1369
9058
3353
6738
8922
8901
7421
1054
2508
2751
4065
43
4424
5556
4217
4433
7863
936
583
3471
4247
7347
2634
1718
4814
9953
6309
194
622
8333
9308
5034
5354
7471
4519
6603
8920
3411
8224
4096
2583
1932
1567
6277
5571
8392
4488
9339
5143
5414
1235
9518
4547
7174
4973
6
8510
2960
4429
1675
1325
1079
282
5469
3780
239
3419
9170
1404
2077
9118
433
7158
4462
3565
8782
9695
5227
2909
7223
773
235
1913
1871
6153
6249
5600
3017
8213
5272
1578
5239
4432
8324
9232
947
7376
5066
2365
159
2943
1067
4703
8296
8656
2333
3346
8656
1700
2307
9999
1323
3225
9871
9537
9658
6034
3557
3609
1655
3244
8193
2035
1776
1632
2123
4792
999
661
9353
5653
7641
3672
3254
1339
5726
4990
8930
7880
6577
3897
891
807
3616
3066
1882
243
2662
1334
2465
3698
23
5643
7187
6528
2828
7556
1236
3961
7280
9180
9123
4027
345
9440
1429
9290
1195
632
7333
8886
9418
471
3848
8747
2046
816
1829
2151
3020
8300
1349
3394
3731
4009
2951
2233
6756
4245
4344
6570
6789
2268
1169
1911
6583
2430
5089
581
7447
2773
316
1764
8098
3013
1828
68
8829
3556
1127
1526
756
3356
4665
3056
2657
7967
340
5541
5343
5611
6830
2517
9727
1982
5370
4017
2555
5003
8112
3906
5962
701
2049
6666
4195
524
6022
1082
2149
2158
1961
7686
8246
7567
1878
5878
2650
5396
2835
2062
7191
205
2926
65
2262
6937
9606
433
6813
2463
6620
2490
9723
9193
6395
4656
1635
9411
934
2006
4461
2981
5137
8096
217
3869
4068
7883
8294
5201
7451
3852
1554
9524
176
4774
4834
9542
5917
8768
3028
3681
8349
5158
4915
8513
6915
8782
6700
7955
4381
9278
1422
3410
8393
9437
6519
910
89
695
2909
78
1524
4949
41
4167
9437
6108
6619
4925
7736
308
9994
3241
3273
796
4762
5484
4095
8540
9092
1844
7490
8780
5728
7388
9161
371
7654
3672
6575
6002
6854
8210
3158
5842
3844
2143
6572
2523
1064
7541
6494
5558
4389
4832
218
2198
8456
723
9817
8178
2563
1405
9165
918
3275
1580
1799
8780
943
86
1773
6628
3690
4341
9082
3467
347
1635
6294
1915
9283
7335
9479
7007
9710
2318
1320
1146
6693
3101
8425
2857
1523
9910
4391
4470
6999
1978
7597
3454
4362
7182
1707
9925
5713
4241
5719
6744
981
9932
3858
8404
4962
8042
9212
822
2876
6970
3721
6098
8905
6979
1190
9719
5498
6968
8695
5506
267
61
2003
707
5470
2169
178
1613
6723
9163
6421
1042
604
7265
5064
5550
4990
1655
2372
5154
393
9165
6183
37
3259
6045
6312
2358
6370
2363
8149
1236
721
1102
5695
529
2485
2430
9833
7477
4792
6925
7005
8175
8118
2971
9024
1441
7758
1189
2567
4605
3883
2223
2473
4314
9428
9474
8919
6348
1137
3286
7674
3395
271
8628
747
2130
5973
8917
1097
8899
1192
831
9142
4713
5852
9330
8163
6998
7628
6221
333
222
91
1335
6904
347
5820
7467
5532
947
9152
1570
7197
7623
1262
7191
623
3933
6087
1064
7704
2864
8698
3513
2504
902
8485
493
5448
1507
5998
1815
5903
7805
881
9101
5403
7919
2347
6783
670
161
422
919
9958
4088
5845
5137
2321
810
3635
7404
9472
9189
1591
7554
924
6208
3051
2485
7159
1554
4701
1290
6437
4065
3237
5530
8906
1342
2120
9671
245
8912
4541
748
5277
8558
6606
1832
395
6849
1777
3884
1225
2216
119
4866
9625
6542
7236
7041
121
7625
2609
7295
485
468
9263
2502
1662
6064
8061
2170
7097
6871
8987
9577
251
5169
399
4900
2932
5354
1560
6622
6633
5731
1570
5618
9063
9799
5546
5002
7237
1970
7330
7965
1833
4925
3414
9304
1229
365
6288
5809
8227
157
3593
567
8055
5353
5586
222
6645
1613
3618
8074
7146
2508
3664
1002
3855
325
371
1847
6419
5203
2439
2461
2888
1797
5268
5401
5713
5357
1658
8675
5867
1340
3311
4286
9642
6142
3725
5774
7940
9058
6469
6409
7524
3693
1160
465
2776
1679
4760
8769
4428
3542
5786
3734
4058
1890
2287
9360
6530
2217
531
2649
3639
2203
8213
8709
2042
168
3416
6715
7387
1409
986
8899
5837
8797
4787
2784
4298
3869
5808
7760
1335
498
1185
225
4376
3533
1519
2694
5639
7719
771
9563
4865
3746
3490
9221
2833
128
9229
7534
8018
530
8697
2991
3471
4628
4009
6686
9357
1655
4037
2059
9452
3487
1189
9701
2569
3198
670
8787
3848
4240
8977
3344
7024
6185
9456
3078
2903
4316
4466
974
7024
5806
5177
774
9585
826
9794
7460
4746
7941
9549
8475
2707
1685
2622
2651
7062
2110
7027
2894
4205
4221
486
640
7293
8952
8773
7711
3683
3861
3937
804
5757
299
2196
1743
9420
8166
4614
1418
2488
3151
7569
9527
8341
2635
1043
587
4901
707
2997
8751
8607
5700
2138
7429
9774
5159
1994
2424
9917
2724
3952
7351
801
6290
1104
4499
8759
1954
9676
8663
1536
1390
1209
6840
5833
9483
7982
7116
3904
342
1645
896
6725
9551
3973
2404
5501
9903
9255
1162
6893
7695
6791
896
133
2508
2838
3354
6698
8630
2158
2019
5000
8744
8701
9445
3512
5437
9237
3031
4975
9888
83
9574
7079
9476
5839
824
2434
262
1347
813
5979
1168
3472
8278
5888
6895
4526
1723
2877
9160
738
3639
5690
4982
5092
3783
5785
2071
3809
8451
9784
9128
1615
9676
5966
2013
783
6199
2692
1461
1416
136
3552
8366
2050
2899
5434
9381
4575
3198
249
2881
1137
1163
3342
1857
8856
3701
2068
5490
506
1753
3093
2597
9128
727
7457
2065
591
297
6395
9013
7724
5300
7604
7344
1012
8108
7532
6341
355
6012
2309
7497
3971
3254
1851
335
8047
7688
2321
5702
8568
9569
430
8513
5096
6898
7240
1831
4085
4215
6751
9340
8120
1576
8365
8992
3119
9355
636
599
512
269
8634
8008
2431
5137
2041
5065
8610
3336
889
7244
1506
5090
3177
7075
2645
9763
8779
6345
522
1769
2201
8084
3876
9949
7685
9797
2635
2040
133
4194
4351
6248
6574
9479
5678
7524
2736
2680
1608
6716
1587
5786
1570
9764
7952
2163
2792
5538
3315
1774
6198
566
8111
99
5848
3274
5187
9079
2560
890
8332
1152
1832
8870
6795
876
1609
2150
3080
9027
7691
237
4311
1529
9742
3296
2762
2408
3369
617
935
1582
608
9239
4012
2227
11
6280
8272
3454
1861
8890
4475
6408
6963
3231
6041
5697
4086
7311
218
3633
8161
9250
2270
8578
5743
1950
8080
124
95
493
2272
4833
7522
211
9125
4987
7463
9407
5955
6210
3780
7280
1961
2418
1639
762
8830
3036
6781
4024
990
3548
3908
5444
4751
2795
3564
245
8537
9606
6580
6376
5733
655
2210
1395
9604
8115
1650
6662
2260
9627
7523
3859
9423
2550
1181
1375
2996
359
1032
9865
8090
3963
3706
3450
6050
6718
3167
958
5693
8830
6014
3042
8574
6544
3145
4494
8528
3330
6677
7766
4523
9889
3803
1915
1348
4924
9422
8551
9682
9657
5213
3433
2216
7590
1452
8077
3776
4642
6014
7888
